[document2.jpg]
filters=autocolor=1;autolight=1;finetune2=1,0.000000,0.000000,0.000000,ffefe2a0,0.000000;
moddate=304cf9592445d401
width=762
height=1086
textactive=0
